DJI_0011 0097 0.990492 391.689911 181.997559 434.477264 256.976166
DJI_0011 0097 0.041150 258.211884 236.319336 310.760345 270.000000
DJI_0011 0808 0.910954 133.510498 62.173187 168.458649 99.356567
DJI_0011 0808 0.190236 248.678406 23.218594 265.382080 44.202679
DJI_0011 0808 0.012596 258.285370 25.777931 269.903473 34.266289
DJI_0011 0808 0.008225 249.400925 25.285507 262.940826 34.535656
DJI_0011 0999 0.958978 332.790558 113.738678 365.106476 169.323761
DJI_0011 0956 0.977571 296.822479 151.966446 347.065216 231.210129
DJI_0011 0956 0.015816 291.368866 151.069794 327.962799 214.919586
DJI_0011 0218 0.977610 288.711609 95.682526 324.695801 140.393295
DJI_0011 0218 0.883744 141.907043 68.745605 173.414551 111.706696
DJI_0011 0218 0.014883 144.518570 67.355545 167.455093 89.965668
DJI_0011 0830 0.905046 301.829346 32.740299 322.200317 61.203625
DJI_0011 0297 0.649064 232.015717 85.608582 247.518585 117.526917
DJI_0011 0972 0.466562 80.707581 5.878428 96.407959 31.826996
DJI_0011 0972 0.005116 80.903168 16.094057 90.716125 31.135904
DJI_0012 0427 0.400527 224.424637 107.426804 239.302139 128.016174
DJI_0012 0427 0.010410 241.718307 111.787201 252.768387 124.529083
DJI_0012 0427 0.007664 238.183487 108.125160 254.409836 128.420334
DJI_0011 0832 0.912817 303.516022 34.763290 323.237091 60.481651
DJI_0011 0053 0.971307 125.939095 123.067932 167.554916 173.580688
DJI_0011 0053 0.940609 250.150146 70.190063 271.476074 107.342087
DJI_0011 0701 0.869774 199.308426 88.440353 226.503128 125.518173
DJI_0011 0204 0.963993 275.178314 60.889153 300.941986 96.313774
DJI_0011 0204 0.912309 196.177429 68.556023 223.064484 107.886436
DJI_0011 0204 0.008903 200.247559 66.481583 217.924286 95.121048
DJI_0012 0436 0.595929 221.872131 116.027779 240.496948 138.628174
DJI_0012 0436 0.510308 212.037125 117.354874 227.087570 142.072556
DJI_0012 0436 0.478619 234.514862 116.508369 253.113525 138.349472
DJI_0012 0436 0.005905 239.260941 116.836166 250.630173 130.824341
DJI_0011 0804 0.974123 144.690033 57.962486 178.052551 96.494713
DJI_0011 0804 0.066285 248.134323 23.277964 264.909271 44.020561
DJI_0011 0804 0.010759 249.292938 25.019440 262.858795 34.299339
DJI_0011 0804 0.008606 258.163361 25.528763 270.197723 33.995232
DJI_0011 0444 0.763038 217.546402 150.272552 234.420883 173.670074
DJI_0011 0444 0.236734 243.117523 91.509987 252.631226 100.781837
DJI_0011 0444 0.005644 244.909164 87.893051 254.577927 96.511978
DJI_0011 0697 0.840129 213.078323 40.521828 235.438217 75.583344
DJI_0011 0833 0.924681 269.660553 34.488525 290.181915 61.094963
DJI_0011 0815 0.883964 107.717934 79.934418 147.796326 123.592606
DJI_0011 0815 0.407915 252.244019 24.007956 269.621643 44.101135
DJI_0012 0385 0.142346 228.437195 92.817551 237.165985 101.421036
DJI_0011 0922 0.938120 191.133865 102.635002 223.561935 143.316406
DJI_0011 0790 0.976049 184.611618 68.441254 213.932816 109.079010
DJI_0011 0790 0.661753 185.668533 30.382858 196.158798 43.863998
DJI_0011 0467 0.767767 250.746552 132.127655 264.277863 154.004700
DJI_0011 0467 0.006101 256.450134 134.052567 266.003357 148.106339
DJI_0011 0642 0.800368 162.224487 14.485697 193.457275 57.466347
DJI_0012 0111 0.521630 150.284973 212.328629 190.512268 260.782532
DJI_0012 0111 0.095581 44.915401 188.695786 75.551262 233.647049
DJI_0011 0314 0.633499 233.243500 212.983673 258.570709 258.311462
DJI_0011 0314 0.091143 234.760376 209.742935 257.324951 235.175247
DJI_0011 0648 0.996044 173.742691 161.832947 206.506424 202.116943
DJI_0011 0863 0.989362 168.690704 113.431465 215.066345 166.290512
DJI_0011 0100 0.999043 407.793304 152.406723 454.847565 229.499252
DJI_0011 0100 0.948834 283.368164 225.758102 357.973145 268.239136
DJI_0011 0100 0.007406 418.505371 153.809616 476.895386 209.492416
DJI_0011 0674 0.930978 113.454483 114.439972 219.081711 235.256805
DJI_0011 0674 0.005527 200.095154 150.931442 224.098602 216.376907
DJI_0011 0651 0.994642 177.956818 151.501465 213.256256 191.514557
DJI_0011 0758 0.979803 273.523590 70.473114 298.090363 109.919815
DJI_0011 0227 0.868714 301.573547 198.795593 342.781311 245.735504
DJI_0011 0227 0.824485 105.639229 135.965622 142.454147 181.823990
DJI_0011 0227 0.007717 109.490471 136.476700 134.481247 162.385727
DJI_0011 0347 0.894163 308.278931 69.038513 324.629822 95.071548
DJI_0012 0024 0.729890 234.555511 10.439529 262.241699 45.225849
DJI_0011 0039 0.977208 292.930786 37.890682 320.509460 74.040848
DJI_0011 0039 0.878810 182.956512 83.218834 214.612885 148.242920
DJI_0011 0009 0.999579 126.532173 44.088100 167.079514 127.809402
DJI_0011 0009 0.953847 194.526016 14.646580 220.666855 53.393612
DJI_0011 0581 0.282486 336.779846 209.318283 380.607849 254.226425
DJI_0011 0581 0.005781 341.579285 198.926926 408.761414 248.634750
DJI_0011 0075 0.993499 101.486130 115.574326 139.742630 160.014847
DJI_0011 0075 0.485476 213.401657 86.503220 229.523605 129.035950
DJI_0012 0074 0.813546 275.831604 161.025925 297.376099 187.586044
DJI_0012 0074 0.087542 26.216742 257.091064 61.908150 270.000000
DJI_0012 0074 0.028952 11.516420 258.930237 52.197433 270.000000
DJI_0011 0850 0.509394 369.037689 71.916008 402.637482 123.193718
DJI_0011 0351 0.979599 198.460373 64.183434 213.534561 92.819374
DJI_0011 0037 0.971793 289.757202 36.662640 316.844543 73.955826
DJI_0011 0037 0.915515 187.734726 83.025208 221.231064 151.181183
DJI_0011 0707 0.989854 177.422943 108.175606 212.890472 152.253952
DJI_0011 0435 0.698000 179.073257 75.700974 197.650009 102.150299
DJI_0011 0435 0.066680 207.640625 1.634623 218.187225 8.342839
DJI_0011 0520 0.965396 156.455582 178.104904 173.554855 208.822952
DJI_0011 0469 0.451030 253.628113 140.182770 268.559937 161.700928
DJI_0011 0743 0.987083 300.533478 68.565178 325.917328 105.482140
DJI_0011 0646 0.858963 170.165131 164.833115 204.366852 205.872055
DJI_0011 0881 0.995596 249.419998 137.251526 366.286987 254.282623
DJI_0012 0202 0.841626 123.410675 46.035652 155.398773 92.317177
DJI_0012 0202 0.021804 113.100807 35.974991 139.005920 80.006088
DJI_0012 0202 0.013312 113.685066 38.868885 135.553192 60.300793
DJI_0012 0202 0.005731 122.978653 40.759727 145.554611 59.242668
DJI_0012 0202 0.005618 127.900711 44.353989 146.668106 70.629852
DJI_0012 0423 0.351436 240.440140 103.037735 256.845642 120.789429
DJI_0012 0423 0.055259 229.870041 104.850548 240.205612 118.793633
DJI_0011 0391 0.874139 223.455917 149.556091 245.306259 188.098328
DJI_0011 0463 0.627480 246.554520 119.505852 257.155823 136.155075
DJI_0011 0463 0.034433 215.277771 247.083221 241.644897 267.797333
DJI_0011 0596 0.480905 208.331390 78.512146 231.916595 123.579208
DJI_0011 0596 0.005890 214.169189 79.420563 237.175873 100.325485
DJI_0011 0249 0.973279 208.194794 201.384445 249.093475 246.004623
DJI_0011 0483 0.486081 292.855560 245.876236 320.841095 267.001343
DJI_0012 0417 0.118494 226.153519 95.802383 236.781174 106.464859
DJI_0012 0417 0.016187 223.676178 92.770363 239.428070 110.651772
DJI_0012 0417 0.006314 225.453033 101.985298 236.638153 110.599205
DJI_0011 0149 0.985973 140.486099 54.199730 181.734940 106.667320
DJI_0011 0149 0.819618 217.367218 63.110748 260.133392 118.929642
DJI_0011 0076 0.995297 95.720276 116.449509 132.491684 161.255295
DJI_0011 0076 0.943841 208.291412 87.415497 226.157623 128.619858
DJI_0011 0867 0.921558 177.455353 6.293880 232.640289 56.518784
DJI_0011 0081 0.988601 242.477646 108.765686 273.472839 150.407898
DJI_0011 0081 0.923545 353.944946 96.879234 375.883118 137.795074
DJI_0011 0081 0.007593 4.381308 72.291336 13.832993 85.318146
DJI_0012 0093 0.962404 88.307457 215.395126 124.794441 259.370117
DJI_0012 0093 0.665736 408.758148 226.821091 449.281097 269.435883
DJI_0011 0155 0.998894 274.331329 97.880386 324.780304 150.213745
DJI_0011 0155 0.972068 202.604874 64.135780 247.621231 116.655632
DJI_0011 0145 0.996045 80.843750 62.440414 127.988571 113.412872
DJI_0011 0145 0.665341 4.063639 65.685219 42.111961 126.356606
DJI_0011 0013 0.999219 126.996384 44.537380 167.627426 127.873810
DJI_0011 0013 0.960854 194.998978 14.687635 221.155014 53.472801
DJI_0012 0098 0.985983 78.970116 191.590683 116.989067 234.132095
DJI_0012 0098 0.980210 352.355896 200.538788 393.419922 250.260529
DJI_0011 0984 0.022475 131.882080 2.069477 144.640076 11.587772
DJI_0011 0984 0.010413 127.619400 1.000000 148.407516 15.324215
DJI_0011 0574 0.903130 247.491364 138.324051 279.001251 184.603104
DJI_0011 0574 0.021076 251.914551 156.326904 273.844788 186.685059
DJI_0011 0245 0.671969 250.020020 199.940735 288.156128 247.518433
DJI_0011 0661 0.979904 188.475494 157.697708 235.435883 212.947281
DJI_0011 0954 0.984919 304.553070 132.094574 350.423798 207.810699
DJI_0011 0802 0.912701 157.697830 58.703087 188.779770 96.821388
DJI_0011 0802 0.029911 258.788483 25.754488 271.704010 35.418392
DJI_0011 0802 0.013281 253.346268 23.337399 271.305969 42.464890
DJI_0012 0056 0.823753 196.361603 226.004211 229.178864 266.780945
DJI_0012 0056 0.662728 278.226410 158.482132 298.465485 180.836136
DJI_0011 0040 0.974958 289.851898 38.762127 316.419586 73.501358
DJI_0011 0040 0.896473 167.104477 83.521828 215.744308 141.779633
DJI_0011 0040 0.019244 4.393566 142.552597 12.247345 161.965347
DJI_0011 0065 0.987884 234.365097 112.027267 268.321045 154.837631
DJI_0011 0065 0.881942 335.746918 81.149864 359.363007 124.218895
DJI_0011 0793 0.972012 203.347397 68.445221 234.262283 107.566925
DJI_0011 0793 0.550178 230.552612 28.808773 241.061584 45.203213
DJI_0011 0985 0.007383 115.539070 9.726440 126.296700 18.010210
DJI_0011 0430 0.285638 174.645706 97.706390 192.567307 125.815292
DJI_0011 0430 0.129935 206.536667 4.051820 218.995071 11.239397
DJI_0011 0430 0.022707 207.265289 6.755269 218.239716 19.106583
DJI_0011 0788 0.942765 173.673492 69.219734 203.338287 109.812202
DJI_0011 0788 0.660470 154.108719 31.128513 163.795029 45.945705
DJI_0011 0915 0.992344 136.370651 107.594734 171.553085 148.060989
DJI_0011 0419 0.075175 231.448776 193.596542 241.174362 207.942337
DJI_0011 0419 0.044228 239.207947 193.813080 248.202881 205.693085
DJI_0011 0419 0.011085 240.925278 191.712173 250.569016 201.337814
DJI_0012 0199 0.922470 85.255577 46.686554 118.800331 92.816620
DJI_0012 0199 0.010874 86.819336 40.204941 108.835434 58.677834
DJI_0012 0199 0.005871 77.629990 38.302887 98.624130 59.558357
DJI_0012 0414 0.076672 227.037903 94.028847 236.658752 102.388634
DJI_0011 0401 0.513406 329.565643 119.344421 358.457855 155.119720
DJI_0011 0401 0.364324 230.705200 5.920607 242.276367 22.000797
DJI_0011 0401 0.009377 241.898621 4.146358 253.289673 12.187782
DJI_0012 0208 0.685388 141.658478 43.330811 182.459747 89.285782
DJI_0012 0208 0.018259 156.307434 53.243656 191.257202 98.224274
DJI_0012 0208 0.010606 142.578049 39.817654 170.134293 58.252048
DJI_0012 0089 0.754928 56.646729 241.235123 102.036316 270.000000
DJI_0012 0089 0.374785 430.224701 242.122757 475.668304 270.000000
DJI_0012 0089 0.005656 63.140236 253.224640 97.753563 270.000000
DJI_0011 0315 0.249937 231.848129 232.038925 262.221527 270.000000
DJI_0011 0315 0.018025 235.731964 228.129730 263.524231 244.149750
DJI_0011 0451 0.724792 244.339752 96.926910 253.708008 106.939590
DJI_0011 0451 0.487103 216.989136 156.600861 236.014862 180.235291
DJI_0011 0451 0.024061 243.375488 100.373917 252.442108 111.305328
DJI_0011 0451 0.011775 242.622269 94.375565 257.325165 110.816879
DJI_0012 0189 0.895834 133.422989 44.146210 160.115982 92.214066
DJI_0012 0189 0.023253 134.618423 38.450809 153.889114 59.479916
DJI_0012 0189 0.009275 141.786636 39.990860 161.402145 60.649437
DJI_0012 0189 0.007530 143.884659 44.493443 159.267899 72.305481
DJI_0012 0390 0.114663 247.278931 92.173119 255.795074 100.816780
DJI_0012 0390 0.007261 247.633698 88.067612 256.709930 95.895538
DJI_0012 0011 0.010097 337.033844 2.894459 348.658661 8.811331
DJI_0011 0903 0.332879 143.507584 91.468033 166.588882 114.060944
DJI_0011 0217 0.984278 286.322327 86.950775 322.840454 130.257462
DJI_0011 0217 0.977236 140.168411 65.516869 175.712662 109.132408
DJI_0011 0217 0.008561 140.096420 61.756721 165.948776 78.481621
DJI_0011 0250 0.979427 205.907425 200.819229 247.029556 246.265244
DJI_0012 0103 0.991113 142.650635 171.967422 175.200592 212.137405
DJI_0012 0103 0.984286 371.530060 196.989182 414.218536 251.354385
image_0460_left 0.990179 86.674210 94.877037 112.377014 127.946663
image_0191_left 0.870324 62.838375 95.719139 85.031097 127.734108
image_0191_left 0.036403 69.690331 92.943069 86.559822 117.466721
image_0776_left 0.990131 89.497787 103.555527 119.178406 149.262848
image_0776_left 0.660808 86.608223 93.967537 110.795387 119.736290
image_0790_left 0.992138 90.633339 102.959106 118.906273 149.851379
image_0790_left 0.683479 87.275612 93.697571 110.188103 119.847641
image_0817_left 0.991692 90.680382 102.647667 118.469765 150.163391
image_0817_left 0.765414 87.096764 93.970413 110.649452 119.750595
image_0495_left 0.992760 86.348160 95.142792 112.632965 127.584030
image_0495_left 0.545574 107.319611 189.482010 209.377563 239.637680
image_0858_left 0.991118 90.687767 103.007874 118.151360 150.216888
image_0858_left 0.807129 87.091164 94.049728 110.678566 119.797211
image_0276_left 0.832771 101.103638 90.241325 118.126099 120.520226
image_0464_left 0.990146 86.627815 95.073563 112.447380 127.904373
image_0437_left 0.989998 86.752167 95.021484 112.243515 127.937027
image_0182_left 0.898031 71.802597 89.109497 95.118759 122.128342
image_0085_left 0.997854 53.821644 148.442841 122.365967 256.000000
image_0272_left 0.932047 96.223938 89.430099 115.786911 118.846222
image_0272_left 0.012553 98.386307 87.115234 113.650970 105.700150
image_0865_left 0.993979 90.466385 103.102417 118.665283 150.076324
image_0865_left 0.788457 87.074829 94.272614 110.879868 119.634995
image_0658_left 0.994951 86.434639 94.812538 111.459435 127.627037
image_0658_left 0.980040 117.980484 94.839546 136.205780 127.846718
image_0613_left 0.999025 103.779762 117.311218 143.818970 163.779114
image_0613_left 0.922434 86.844894 93.810585 109.569580 127.817940
image_0330_left 0.828176 86.369621 93.915497 111.029030 128.760147
image_0692_left 0.963619 86.464928 94.725876 112.519569 128.229065
image_0692_left 0.901440 110.869522 90.377357 132.563766 123.369850
image_0832_left 0.993875 90.278267 102.736771 118.736778 150.301956
image_0832_left 0.753786 87.120316 94.139297 110.679779 119.627579
image_0683_left 0.994334 86.673447 94.739182 112.224350 128.214020
image_0683_left 0.723153 137.953125 94.247971 158.446747 126.596542
image_0694_left 0.956053 85.866631 94.717667 112.282829 128.543594
image_0694_left 0.497398 105.794365 89.425240 125.373405 123.027046
image_0694_left 0.016836 107.624710 88.700287 125.080215 104.847015
image_0807_left 0.984406 90.701958 102.074776 118.236580 151.275452
image_0807_left 0.805582 86.542488 93.896080 111.041283 119.633522
image_0271_left 0.924385 95.437393 89.087761 115.043671 119.048622
image_0271_left 0.012395 97.541885 86.978447 113.111954 105.991524
image_0331_left 0.863101 86.306725 93.888611 111.324669 128.987076
image_0463_left 0.991101 86.736023 95.362450 112.561966 127.746559
image_0078_left 0.258718 91.646347 160.619690 176.713425 255.328369
image_0159_left 0.854922 112.421524 89.557152 130.900314 120.329536
image_0159_left 0.013545 114.001411 86.179771 126.999916 105.269768
image_0916_left 0.994761 90.317413 102.836899 118.498413 149.841431
image_0916_left 0.800603 183.791214 187.086609 258.411285 256.000000
image_0916_left 0.712339 87.330826 94.393562 110.691422 119.694038
image_0916_left 0.228841 156.457275 205.276947 295.172272 235.468475
image_1000_left 0.996551 89.105789 102.993835 118.808655 149.790115
image_1000_left 0.978489 58.619343 91.775742 80.481850 123.594772
image_1000_left 0.663028 89.819740 92.767281 108.827736 116.680855
image_0904_left 0.992860 90.574562 103.433136 118.230782 149.604553
image_0904_left 0.701334 87.076462 94.157631 110.625305 119.895073
image_0369_left 0.991012 86.591400 94.860596 112.424149 128.047745
image_0118_left 0.859392 118.199814 110.657059 158.296463 159.946365
image_0214_left 0.973006 123.498329 95.805092 147.092773 133.092896
image_0360_left 0.527961 86.154770 93.312729 110.113632 128.873749
image_0872_left 0.992041 90.606201 103.305290 118.298676 149.513260
image_0872_left 0.741302 86.891365 94.316422 110.811256 119.686050
image_0177_left 0.883366 79.573479 89.059883 102.364265 120.075172
image_0177_left 0.010429 81.076118 88.135529 99.385597 105.012604
image_0149_left 0.678643 143.061264 87.936378 160.651321 123.369759
image_0462_left 0.992950 86.545990 95.064125 112.647568 127.828331
image_0240_left 0.064022 148.975769 87.270325 171.556366 122.435883
image_0366_left 0.992977 86.467476 95.086014 112.698418 128.058746
image_0452_left 0.992928 86.412682 94.984360 112.457176 127.923233
image_0803_left 0.983474 90.833153 101.825775 118.447380 151.928482
image_0803_left 0.780964 86.704323 93.748543 110.778709 119.725624
image_0584_left 0.985756 86.884148 94.656273 112.006706 127.361092
image_0584_left 0.808384 114.135941 117.123810 142.278625 169.177094
image_0975_left 0.995099 90.072685 102.883949 120.520088 149.204712
image_0975_left 0.332466 88.616783 93.658379 108.868614 114.856956
image_0975_left 0.006304 107.029327 92.670227 126.149002 138.266998
image_0820_left 0.992774 90.259338 102.722610 118.650650 150.188232
image_0820_left 0.706849 87.162079 94.209419 110.573776 119.762474
image_0671_left 0.993122 86.287949 94.571198 112.485123 128.193726
image_0671_left 0.928900 139.635208 94.775719 163.370987 130.225525
image_0521_left 0.993321 87.289017 141.638153 142.808426 197.324005
image_0521_left 0.986701 87.158981 94.452271 111.827911 127.798889
image_0268_left 0.925637 95.696335 89.076050 115.367401 118.858643
image_0268_left 0.016611 97.661461 86.879669 113.216713 106.079422
image_0929_left 0.993121 90.307030 102.582520 118.858894 150.357895
image_0929_left 0.686188 87.015472 93.985374 110.649933 119.989998
image_0929_left 0.429508 104.234497 146.029404 175.829102 256.000000
image_0056_left 0.908605 264.720123 203.219635 320.428192 246.104645
image_0056_left 0.029291 286.936676 228.795090 296.608063 252.561447
image_0056_left 0.029035 271.305298 195.943649 296.060425 246.775986
image_0056_left 0.021777 279.490845 189.069855 324.000000 238.075378
image_0056_left 0.006880 295.320557 242.272461 318.219421 255.391235
image_0144_left 0.981343 148.131607 90.673004 169.665451 123.052963
image_0960_left 0.999578 141.942230 101.601585 170.929932 142.958130
image_0960_left 0.994364 90.230148 103.833519 118.879425 148.944016
image_0960_left 0.720930 86.602631 93.484634 110.846512 120.480896
image_0837_left 0.993200 90.434547 102.854530 118.632622 150.321625
image_0837_left 0.755636 87.250130 93.878799 110.493279 119.630386
image_0822_left 0.992734 90.476791 102.576355 118.643478 150.325562
image_0822_left 0.706471 87.006805 94.074471 110.798050 119.652168
image_0690_left 0.996343 87.011414 94.666267 111.564255 127.865028
image_0690_left 0.986792 117.184448 90.723579 138.256500 123.550819
image_0615_left 0.987643 86.144707 93.449059 110.701317 128.702728
image_0615_left 0.740325 103.835510 110.419228 145.806610 163.298462
image_0615_left 0.007144 108.401901 106.597137 135.800629 144.031143
image_0884_left 0.993652 90.441345 103.137970 118.495026 149.781967
image_0884_left 0.755236 87.066154 94.128792 110.652031 119.774498
image_0631_left 0.999300 131.152298 98.677544 157.457626 134.453308
image_0631_left 0.988136 86.488945 95.086761 112.322014 127.999557
image_0279_left 0.769344 102.946289 88.070091 120.987595 123.194389
image_0122_left 0.980328 128.453369 106.764946 161.790527 153.996292
image_0136_left 0.997653 145.152130 95.071625 171.753204 128.520355
image_0456_left 0.988733 86.665611 94.951851 112.346855 127.918831
image_0988_left 0.991619 90.133812 103.802284 118.976387 149.946091
image_0988_left 0.983652 57.840279 97.409142 85.703819 131.727386
image_0988_left 0.503337 88.582176 93.579781 108.318886 115.417656
image_0988_left 0.006336 91.933182 97.715240 113.909637 132.521622
image_0179_left 0.687952 77.935326 88.729156 101.449409 121.542786
image_0179_left 0.014659 73.175308 92.148682 93.700836 128.473083
image_0958_left 0.999572 141.978790 103.999161 173.263062 145.419418
image_0958_left 0.992128 90.448418 103.238976 118.234886 149.682098
image_0958_left 0.743116 86.793579 93.549965 110.728775 120.329643
image_0470_left 0.994773 86.722656 94.973526 112.419693 127.894470
image_0785_left 0.991243 90.715019 102.726410 118.605949 149.860046
image_0785_left 0.726034 87.129013 93.837029 110.338226 119.801765
image_0290_left 0.994549 116.092728 89.232712 140.086060 120.142715
image_0670_left 0.993427 86.260178 94.626465 112.489975 128.195602
image_0670_left 0.893303 138.335617 94.885712 159.949722 126.924866
image_0733_left 0.992845 90.841019 103.447662 120.314011 148.376541
image_0733_left 0.527950 86.924973 93.752678 111.055466 119.752144
image_0620_left 0.990339 86.329445 94.955956 112.472710 127.733467
image_0620_left 0.988501 115.094696 108.180679 152.274963 153.661057
image_0526_left 0.991200 95.669617 133.009857 135.477081 185.224640
image_0526_left 0.985390 87.956863 94.349167 110.682297 128.201736
image_0843_left 0.992338 90.507996 102.680260 118.660110 150.348602
image_0843_left 0.754533 87.363892 93.726471 110.289032 119.830444
image_0292_left 0.996113 118.855995 88.891785 142.253723 119.412933
image_0071_left 0.699271 113.298935 175.861725 205.813950 236.020264
image_0383_left 0.992217 86.952950 94.789108 112.180351 127.852875
image_0527_left 0.998515 103.320343 127.639008 136.954941 187.339996
image_0527_left 0.987127 87.952789 94.220139 110.772369 128.519501
image_0066_left 0.992795 170.117401 200.361694 281.828888 243.908478
image_0066_left 0.422579 192.766968 187.682312 257.467987 256.000000
image_0991_left 0.997738 53.330494 97.264618 78.802322 131.215668
image_0991_left 0.995785 90.382706 103.037003 119.352081 150.020142
image_0991_left 0.689262 87.830414 94.059441 110.326797 119.505455
image_0991_left 0.005401 56.848812 95.938499 75.876656 116.486595
image_0724_left 0.997686 53.450272 104.267883 88.322052 146.093185
image_0724_left 0.984890 87.368439 94.490677 111.210785 129.933838
image_0751_left 0.994041 90.498268 103.260498 119.175331 150.076477
image_0751_left 0.595963 86.810539 93.511986 110.763710 119.736534
image_0208_left 0.982055 108.415169 95.663155 129.598602 132.908844
image_0208_left 0.013586 111.492035 92.768562 127.007980 115.506767
image_0711_left 0.995283 85.492287 95.540184 113.107506 126.856575
image_0711_left 0.976371 50.657932 98.467255 77.139969 130.822769
image_0138_left 0.987791 146.559265 94.394775 173.247467 126.299713
image_0718_left 0.998959 41.162941 102.794136 71.672173 141.810242
image_0718_left 0.981454 85.798309 95.381081 112.403320 126.941399
image_0248_left 0.934460 142.317825 89.549316 164.819412 120.177185
image_0063_left 0.999837 205.285568 199.434540 291.783752 245.542572
image_0487_left 0.993475 86.322746 95.085518 112.522560 127.731560
image_0487_left 0.989310 182.689651 209.185532 274.677643 248.895645
image_0487_left 0.008399 183.629883 186.534393 258.052551 256.000000
image_0137_left 0.995205 144.905746 94.332825 172.132248 127.301498
image_0866_left 0.995151 90.154968 103.186806 118.794907 149.860260
image_0866_left 0.754206 87.320297 94.260056 110.599899 119.726334
image_0498_left 0.993378 86.451630 95.037270 112.726196 127.779594
image_0498_left 0.307799 87.447578 189.115936 177.143280 235.881165
image_0498_left 0.047958 79.353554 178.744858 156.336426 256.000000
image_0498_left 0.010180 87.925179 188.355698 122.886543 235.954971
image_0333_left 0.900419 85.569077 94.035652 110.913315 128.961945
image_0516_left 0.989349 86.630173 95.056320 112.483582 127.701813
image_0516_left 0.947612 86.827393 146.010910 150.209793 220.101547
image_0275_left 0.913465 99.021370 90.537704 117.049248 119.120941
image_0528_left 0.998308 105.581161 125.111053 138.282425 188.863373
image_0528_left 0.988049 87.909126 94.023712 110.670967 128.543793
image_0894_left 0.993858 90.350998 103.119682 118.276596 150.144424
image_0894_left 0.791436 87.144096 94.273834 110.885262 119.670456
image_0426_left 0.991798 86.197350 95.009331 112.523170 127.820580
image_0244_left 0.726384 148.179214 87.841530 170.812119 121.703133
image_0158_left 0.841570 114.623291 88.391769 133.038116 121.436096
image_0158_left 0.019172 116.718750 85.501740 129.715637 105.647095
image_0465_left 0.989293 86.599380 94.884193 112.345337 127.747795
image_0364_left 0.993821 86.301926 95.030235 112.275131 128.565964
image_0115_left 0.963513 111.585999 119.871971 153.089874 160.639572
image_0850_left 0.992461 90.710014 102.579216 118.158882 150.646530
image_0850_left 0.828308 86.882149 94.083633 110.787392 119.593826
