0.25, 0.94, 0.87, 0.90, 270, 17, 42, 72.12, rockwool-yolov3-tiny_1062.weights
0.25, 0.89, 0.86, 0.87, 269, 34, 43, 65.51, rockwool-yolov3-tiny_1162.weights
0.25, 0.96, 0.82, 0.89, 257, 11, 55, 71.21, rockwool-yolov3-tiny_1262.weights
0.25, 0.96, 0.81, 0.88, 252, 11, 60, 75.85, rockwool-yolov3-tiny_1362.weights
0.25, 0.90, 0.78, 0.84, 244, 27, 68, 68.46, rockwool-yolov3-tiny_1462.weights
0.25, 0.91, 0.85, 0.88, 264, 26, 48, 69.86, rockwool-yolov3-tiny_1562.weights
0.25, 0.89, 0.81, 0.85, 254, 31, 58, 67.87, rockwool-yolov3-tiny_1662.weights
0.25, 0.95, 0.86, 0.90, 267, 14, 45, 74.10, rockwool-yolov3-tiny_1762.weights
0.25, 0.92, 0.85, 0.88, 265, 24, 47, 67.38, rockwool-yolov3-tiny_1862.weights
0.25, 0.98, 0.86, 0.91, 267, 6, 45, 76.16, rockwool-yolov3-tiny_1962.weights
0.25, 0.95, 0.81, 0.88, 253, 13, 59, 72.62, rockwool-yolov3-tiny_2062.weights
0.25, 0.89, 0.86, 0.87, 268, 33, 44, 67.54, rockwool-yolov3-tiny_2162.weights
0.25, 0.97, 0.85, 0.91, 265, 8, 47, 76.49, rockwool-yolov3-tiny_2262.weights
0.25, 0.98, 0.86, 0.92, 268, 5, 44, 79.26, rockwool-yolov3-tiny_2362.weights
0.25, 0.95, 0.85, 0.89, 264, 15, 48, 74.89, rockwool-yolov3-tiny_2462.weights
0.25, 0.96, 0.85, 0.90, 266, 12, 46, 75.22, rockwool-yolov3-tiny_2562.weights
0.25, 0.98, 0.87, 0.92, 272, 6, 40, 77.71, rockwool-yolov3-tiny_2662.weights
0.25, 0.97, 0.85, 0.90, 264, 9, 48, 75.27, rockwool-yolov3-tiny_2762.weights
0.25, 0.99, 0.88, 0.93, 275, 4, 37, 79.45, rockwool-yolov3-tiny_2862.weights
0.25, 0.96, 0.83, 0.89, 258, 12, 54, 76.30, rockwool-yolov3-tiny_2962.weights
0.25, 0.97, 0.83, 0.90, 260, 9, 52, 77.18, rockwool-yolov3-tiny_3062.weights
0.25, 0.98, 0.89, 0.93, 277, 6, 35, 78.49, rockwool-yolov3-tiny_3162.weights
0.25, 0.96, 0.84, 0.89, 262, 12, 50, 76.06, rockwool-yolov3-tiny_3262.weights
0.25, 0.98, 0.85, 0.91, 264, 5, 48, 77.63, rockwool-yolov3-tiny_3362.weights
0.25, 0.97, 0.83, 0.89, 258, 9, 54, 76.73, rockwool-yolov3-tiny_3462.weights
0.25, 0.96, 0.88, 0.92, 273, 11, 39, 78.59, rockwool-yolov3-tiny_3562.weights
0.25, 0.97, 0.89, 0.93, 277, 9, 35, 77.47, rockwool-yolov3-tiny_3662.weights
0.25, 0.97, 0.88, 0.92, 276, 9, 36, 78.54, rockwool-yolov3-tiny_3762.weights
0.25, 0.96, 0.89, 0.92, 278, 12, 34, 76.98, rockwool-yolov3-tiny_3862.weights
0.25, 0.95, 0.85, 0.90, 264, 13, 48, 74.35, rockwool-yolov3-tiny_3962.weights
0.25, 0.98, 0.83, 0.90, 260, 6, 52, 77.65, rockwool-yolov3-tiny_4062.weights
0.25, 0.95, 0.87, 0.91, 271, 15, 41, 73.84, rockwool-yolov3-tiny_4162.weights
0.25, 0.96, 0.86, 0.91, 267, 11, 45, 75.97, rockwool-yolov3-tiny_4262.weights
0.25, 0.93, 0.71, 0.80, 222, 18, 90, 70.21, rockwool-yolov3-tiny_662.weights
0.25, 0.88, 0.79, 0.83, 247, 34, 65, 64.06, rockwool-yolov3-tiny_762.weights
0.25, 0.92, 0.81, 0.86, 253, 21, 59, 66.27, rockwool-yolov3-tiny_862.weights
0.25, 0.90, 0.84, 0.87, 263, 28, 49, 65.89, rockwool-yolov3-tiny_962.weights
0.25, 0.81, 0.76, 0.78, 238, 57, 74, 59.74, rockwool-yolov3-tiny_final.weights
0.50, 0.88, 0.67, 0.76, 210, 29, 102, 65.73, dummy_name
0.50, -nan, 0.00, -nan, 0, 0, 312, 0.00, dummy_name
0.50, -nan, 0.00, -nan, 0, 0, 312, 0.00, dummy_name
0.50, -nan, 0.00, -nan, 0, 0, 312, 0.00, dummy_name
0.50, -nan, 0.00, -nan, 0, 0, 312, 0.00, dummy_name
0.51, -nan, 0.00, -nan, 0, 0, 312, 0.00, dummy_name
0.50, 0.99, 0.82, 0.90, 256, 2, 56, 80.72, dummy_name
0.50, 0.99, 0.82, 0.90, 256, 2, 56, 80.72, dummy_name
0.51, 0.99, 0.81, 0.89, 253, 2, 59, 80.76, dummy_name
0.52, 0.99, 0.81, 0.89, 252, 2, 60, 80.82, dummy_name
0.53, 0.99, 0.80, 0.89, 251, 2, 61, 80.87, dummy_name
0.54, 0.99, 0.80, 0.89, 250, 2, 62, 80.87, dummy_name
0.55, 0.99, 0.79, 0.88, 248, 2, 64, 81.02, dummy_name
0.56, 0.99, 0.79, 0.88, 248, 2, 64, 81.02, dummy_name
0.57, 0.99, 0.79, 0.88, 248, 2, 64, 81.02, dummy_name
0.58, 0.99, 0.79, 0.88, 248, 2, 64, 81.02, dummy_name
0.59, 1.00, 0.79, 0.88, 248, 1, 64, 81.34, dummy_name
0.60, 1.00, 0.79, 0.88, 247, 1, 65, 81.36, dummy_name
0.61, 1.00, 0.79, 0.88, 247, 1, 65, 81.36, dummy_name
0.62, 1.00, 0.79, 0.88, 247, 1, 65, 81.36, dummy_name
0.63, 1.00, 0.79, 0.88, 245, 1, 67, 81.39, dummy_name
0.64, 1.00, 0.79, 0.88, 245, 1, 67, 81.39, dummy_name
0.65, 1.00, 0.78, 0.87, 243, 1, 69, 81.41, dummy_name
0.66, 1.00, 0.77, 0.87, 240, 1, 72, 81.62, dummy_name
0.67, 1.00, 0.76, 0.86, 236, 1, 76, 81.63, dummy_name
0.68, 1.00, 0.76, 0.86, 236, 1, 76, 81.63, dummy_name
0.69, 1.00, 0.73, 0.85, 229, 1, 83, 81.76, dummy_name
0.70, 1.00, 0.73, 0.84, 228, 1, 84, 81.83, dummy_name
0.71, 1.00, 0.72, 0.84, 225, 1, 87, 81.84, dummy_name
0.72, 1.00, 0.71, 0.83, 222, 1, 90, 81.90, dummy_name
0.73, 1.00, 0.70, 0.82, 218, 1, 94, 81.90, dummy_name
0.74, 1.00, 0.70, 0.82, 218, 1, 94, 81.90, dummy_name
0.75, 1.00, 0.69, 0.81, 215, 1, 97, 81.90, dummy_name
0.76, 1.00, 0.67, 0.80, 208, 1, 104, 81.85, dummy_name
0.77, 1.00, 0.66, 0.79, 206, 1, 106, 81.87, dummy_name
0.78, 1.00, 0.66, 0.79, 205, 1, 107, 81.85, dummy_name
0.79, 1.00, 0.65, 0.79, 203, 1, 109, 81.89, dummy_name
0.80, 1.00, 0.64, 0.78, 200, 1, 112, 81.83, dummy_name
0.81, 0.99, 0.63, 0.77, 197, 1, 115, 81.90, dummy_name
0.82, 0.99, 0.62, 0.77, 194, 1, 118, 81.88, dummy_name
0.83, 0.99, 0.62, 0.76, 192, 1, 120, 81.87, dummy_name
0.84, 0.99, 0.60, 0.75, 188, 1, 124, 81.74, dummy_name
0.85, 0.99, 0.60, 0.75, 187, 1, 125, 81.77, dummy_name
0.86, 0.99, 0.59, 0.74, 183, 1, 129, 81.72, dummy_name
0.87, 0.99, 0.58, 0.73, 180, 1, 132, 81.75, dummy_name
0.88, 0.99, 0.57, 0.73, 178, 1, 134, 81.90, dummy_name
0.89, 0.99, 0.56, 0.71, 174, 1, 138, 82.06, dummy_name
0.90, 0.99, 0.54, 0.70, 168, 1, 144, 82.32, dummy_name
0.91, 0.99, 0.52, 0.68, 161, 1, 151, 82.46, dummy_name
0.92, 0.99, 0.51, 0.67, 158, 1, 154, 82.64, dummy_name
0.93, 0.99, 0.48, 0.65, 149, 1, 163, 82.72, dummy_name
0.94, 0.99, 0.46, 0.63, 144, 1, 168, 82.70, dummy_name
0.95, 0.99, 0.45, 0.62, 141, 1, 171, 82.74, dummy_name
0.96, 0.99, 0.44, 0.61, 138, 1, 174, 82.83, dummy_name
0.97, 0.99, 0.42, 0.59, 132, 1, 180, 82.97, dummy_name
0.98, 0.99, 0.36, 0.53, 112, 1, 200, 82.98, dummy_name
0.99, 0.99, 0.25, 0.40, 79, 1, 233, 83.05, dummy_name
